intr:3.37542129e+03,0.00000000e+00,1.50859407e+03,0.00000000e+00,3.37584400e+03,2.03624698e+03,0.00000000e+00,0.00000000e+00,1.00000000e+00
dist:1.59222217e-01,-1.19227990e+00,2.49883944e-03,5.32675494e-04,3.87269529e+00